discount: 0.95
states: 25 17
actions: 3 2
observations: 2 2
init1: 2 1.0 -1
init2: 0 0.25 1 0.75 -1
actions1: 0   0 1 -1
actions1: 1   0 1 2 -1
actions1: 2   0 1 2 -1
actions1: 3   0 1 -1
actions1: 4   0 1 2 -1
actions1: 5   0 1 2 -1
actions1: 6   0 1 -1
actions1: 7   0 1 2 -1
actions1: 8   0 1 2 -1
actions1: 9   0 1 -1
actions1: 10   0 1 2 -1
actions1: 11   0 1 2 -1
actions1: 12   0 1 -1
actions1: 13   0 1 2 -1
actions1: 14   0 1 2 -1
actions1: 15   0 1 -1
actions1: 16   0 1 2 -1
actions1: 17   0 1 2 -1
actions1: 18   0 1 -1
actions1: 19   0 1 2 -1
actions1: 20   0 1 2 -1
actions1: 21   0 1 -1
actions1: 22   0 1 2 -1
actions1: 23   0 1 2 -1
actions1: 24   0 -1
actions2: 0   0 1 -1
actions2: 1   0 1 -1
actions2: 2   0 1 -1
actions2: 3   0 1 -1
actions2: 4   0 1 -1
actions2: 5   0 1 -1
actions2: 6   0 1 -1
actions2: 7   0 1 -1
actions2: 8   0 1 -1
actions2: 9   0 1 -1
actions2: 10   0 1 -1
actions2: 11   0 1 -1
actions2: 12   0 1 -1
actions2: 13   0 1 -1
actions2: 14   0 1 -1
actions2: 15   0 1 -1
actions2: 16   0 -1
O1: 0 0 0 1.0
O1: 0 1 0 1.0
O1: 1 0 0 1.0
O1: 1 1 0 1.0
O1: 2 0 0 1.0
O1: 2 1 0 1.0
O1: 3 0 0 1.0
O1: 3 1 0 1.0
O1: 4 0 0 1.0
O1: 4 1 0 0.8200000000000001
O1: 4 1 1 0.18
O1: 5 0 0 1.0
O1: 5 1 0 1.0
O1: 6 0 0 1.0
O1: 6 1 0 1.0
O1: 7 0 0 1.0
O1: 7 1 0 1.0
O1: 8 0 0 1.0
O1: 8 1 0 1.0
O1: 9 0 0 1.0
O1: 9 1 0 1.0
O1: 10 0 0 1.0
O1: 10 1 0 0.8200000000000001
O1: 10 1 1 0.18
O1: 11 0 0 1.0
O1: 11 1 0 1.0
O1: 12 0 0 1.0
O1: 12 1 0 0.8200000000000001
O1: 12 1 1 0.18
O1: 13 0 0 1.0
O1: 13 1 0 1.0
O1: 14 0 0 1.0
O1: 14 1 0 1.0
O1: 15 0 0 1.0
O1: 15 1 0 1.0
O1: 16 0 0 1.0
O2: 0 0 0 1.0
O2: 0 1 0 1.0
O2: 1 0 0 1.0
O2: 1 1 0 1.0
O2: 1 2 1 1.0
O2: 2 0 0 1.0
O2: 2 1 0 1.0
O2: 2 2 1 1.0
O2: 3 0 0 1.0
O2: 3 1 0 1.0
O2: 4 0 0 1.0
O2: 4 1 0 1.0
O2: 4 2 1 1.0
O2: 5 0 0 1.0
O2: 5 1 0 1.0
O2: 5 2 1 1.0
O2: 6 0 0 1.0
O2: 6 1 0 1.0
O2: 7 0 0 1.0
O2: 7 1 0 1.0
O2: 7 2 1 1.0
O2: 8 0 0 1.0
O2: 8 1 0 1.0
O2: 8 2 1 1.0
O2: 9 0 0 1.0
O2: 9 1 0 1.0
O2: 10 0 0 1.0
O2: 10 1 0 1.0
O2: 10 2 1 1.0
O2: 11 0 0 1.0
O2: 11 1 0 1.0
O2: 11 2 1 1.0
O2: 12 0 0 1.0
O2: 12 1 0 1.0
O2: 13 0 0 1.0
O2: 13 1 0 1.0
O2: 13 2 1 1.0
O2: 14 0 0 1.0
O2: 14 1 0 1.0
O2: 14 2 1 1.0
O2: 15 0 0 1.0
O2: 15 1 0 1.0
O2: 16 0 0 1.0
O2: 16 1 0 1.0
O2: 16 2 1 1.0
O2: 17 0 0 1.0
O2: 17 1 0 1.0
O2: 17 2 1 1.0
O2: 18 0 0 1.0
O2: 18 1 0 1.0
O2: 19 0 0 1.0
O2: 19 1 0 1.0
O2: 19 2 1 1.0
O2: 20 0 0 1.0
O2: 20 1 0 1.0
O2: 20 2 1 1.0
O2: 21 0 0 1.0
O2: 21 1 0 1.0
O2: 22 0 0 1.0
O2: 22 1 0 1.0
O2: 22 2 1 1.0
O2: 23 0 0 1.0
O2: 23 1 0 1.0
O2: 23 2 1 1.0
O2: 24 0 0 1.0
T1: 0 0 0 0 3 1.0
T1: 0 0 1 0 3 1.0
T1: 0 1 0 0 3 1.0
T1: 0 1 1 0 3 1.0
T1: 1 0 0 0 4 1.0
T1: 1 0 1 0 4 1.0
T1: 1 1 0 0 4 1.0
T1: 1 1 1 0 4 1.0
T1: 1 2 0 1 3 1.0
T1: 1 2 1 1 3 1.0
T1: 2 0 0 0 5 1.0
T1: 2 0 1 0 5 1.0
T1: 2 1 0 0 5 1.0
T1: 2 1 1 0 5 1.0
T1: 2 2 0 1 4 1.0
T1: 2 2 1 1 4 1.0
T1: 3 0 0 0 6 1.0
T1: 3 0 1 0 6 1.0
T1: 3 1 0 0 6 1.0
T1: 3 1 1 0 6 1.0
T1: 4 0 0 0 7 1.0
T1: 4 0 1 0 7 1.0
T1: 4 1 0 0 7 1.0
T1: 4 1 1 0 7 1.0
T1: 4 2 0 1 6 1.0
T1: 4 2 1 1 6 1.0
T1: 5 0 0 0 8 1.0
T1: 5 0 1 0 8 1.0
T1: 5 1 0 0 8 1.0
T1: 5 1 1 0 8 1.0
T1: 5 2 0 1 7 1.0
T1: 5 2 1 1 7 1.0
T1: 6 0 0 0 9 1.0
T1: 6 0 1 0 9 1.0
T1: 6 1 0 0 9 1.0
T1: 6 1 1 0 9 1.0
T1: 7 0 0 0 10 1.0
T1: 7 0 1 0 10 1.0
T1: 7 1 0 0 10 1.0
T1: 7 1 1 0 10 1.0
T1: 7 2 0 1 9 1.0
T1: 7 2 1 1 9 1.0
T1: 8 0 0 0 11 1.0
T1: 8 0 1 0 11 1.0
T1: 8 1 0 0 11 1.0
T1: 8 1 1 0 11 1.0
T1: 8 2 0 1 10 1.0
T1: 8 2 1 1 10 1.0
T1: 9 0 0 0 12 1.0
T1: 9 0 1 0 12 1.0
T1: 9 1 0 0 12 1.0
T1: 9 1 1 0 12 1.0
T1: 10 0 0 0 13 1.0
T1: 10 0 1 0 13 1.0
T1: 10 1 0 0 13 1.0
T1: 10 1 1 0 13 1.0
T1: 10 2 0 1 12 1.0
T1: 10 2 1 1 12 1.0
T1: 11 0 0 0 14 1.0
T1: 11 0 1 0 14 1.0
T1: 11 1 0 0 14 1.0
T1: 11 1 1 0 14 1.0
T1: 11 2 0 1 13 1.0
T1: 11 2 1 1 13 1.0
T1: 12 0 0 0 15 1.0
T1: 12 0 1 0 15 1.0
T1: 12 1 0 0 15 1.0
T1: 12 1 1 0 15 1.0
T1: 13 0 0 0 16 1.0
T1: 13 0 1 0 16 1.0
T1: 13 1 0 0 16 1.0
T1: 13 1 1 0 16 1.0
T1: 13 2 0 1 15 1.0
T1: 13 2 1 1 15 1.0
T1: 14 0 0 0 17 1.0
T1: 14 0 1 0 17 1.0
T1: 14 1 0 0 17 1.0
T1: 14 1 1 0 17 1.0
T1: 14 2 0 1 16 1.0
T1: 14 2 1 1 16 1.0
T1: 15 0 0 0 18 1.0
T1: 15 0 1 0 18 1.0
T1: 15 1 0 0 18 1.0
T1: 15 1 1 0 18 1.0
T1: 16 0 0 0 19 1.0
T1: 16 0 1 0 19 1.0
T1: 16 1 0 0 19 1.0
T1: 16 1 1 0 19 1.0
T1: 16 2 0 1 18 1.0
T1: 16 2 1 1 18 1.0
T1: 17 0 0 0 20 1.0
T1: 17 0 1 0 20 1.0
T1: 17 1 0 0 20 1.0
T1: 17 1 1 0 20 1.0
T1: 17 2 0 1 19 1.0
T1: 17 2 1 1 19 1.0
T1: 18 0 0 0 21 1.0
T1: 18 0 1 0 21 1.0
T1: 18 1 0 0 21 1.0
T1: 18 1 1 0 21 1.0
T1: 19 0 0 0 22 1.0
T1: 19 0 1 0 22 1.0
T1: 19 1 0 0 22 1.0
T1: 19 1 1 0 22 1.0
T1: 19 2 0 1 21 1.0
T1: 19 2 1 1 21 1.0
T1: 20 0 0 0 23 1.0
T1: 20 0 1 0 23 1.0
T1: 20 1 0 0 23 1.0
T1: 20 1 1 0 23 1.0
T1: 20 2 0 1 22 1.0
T1: 20 2 1 1 22 1.0
T1: 21 0 0 0 24 1.0
T1: 21 0 1 0 24 1.0
T1: 21 1 0 0 24 1.0
T1: 21 1 1 0 24 1.0
T1: 22 0 0 0 24 1.0
T1: 22 0 1 0 24 1.0
T1: 22 1 0 0 24 1.0
T1: 22 1 1 0 24 1.0
T1: 22 2 0 1 24 1.0
T1: 22 2 1 1 24 1.0
T1: 23 0 0 0 24 1.0
T1: 23 0 1 0 24 1.0
T1: 23 1 0 0 24 1.0
T1: 23 1 1 0 24 1.0
T1: 23 2 0 1 24 1.0
T1: 23 2 1 1 24 1.0
T1: 24 0 0 0 24 1.0
T1: 24 0 1 0 24 1.0
T2: 0 0 0 0 2 1.0
T2: 0 0 1 0 2 1.0
T2: 0 1 0 0 2 1.0
T2: 0 1 1 0 2 1.0
T2: 1 0 0 0 3 1.0
T2: 1 0 1 0 3 1.0
T2: 1 1 0 0 3 1.0
T2: 1 1 1 0 3 1.0
T2: 2 0 0 0 4 1.0
T2: 2 0 1 0 4 1.0
T2: 2 1 0 0 4 1.0
T2: 2 1 1 0 4 1.0
T2: 3 0 0 0 5 1.0
T2: 3 0 1 0 5 1.0
T2: 3 1 0 0 5 1.0
T2: 3 1 1 0 5 1.0
T2: 4 0 0 0 6 1.0
T2: 4 0 1 0 6 1.0
T2: 4 1 0 0 6 1.0
T2: 4 1 1 0 6 1.0
T2: 4 1 0 1 6 1.0
T2: 4 1 1 1 6 1.0
T2: 5 0 0 0 7 1.0
T2: 5 0 1 0 7 1.0
T2: 5 1 0 0 7 1.0
T2: 5 1 1 0 7 1.0
T2: 6 0 0 0 8 1.0
T2: 6 0 1 0 8 1.0
T2: 6 1 0 0 8 1.0
T2: 6 1 1 0 8 1.0
T2: 7 0 0 0 9 1.0
T2: 7 0 1 0 9 1.0
T2: 7 1 0 0 9 1.0
T2: 7 1 1 0 9 1.0
T2: 8 0 0 0 10 1.0
T2: 8 0 1 0 10 1.0
T2: 8 1 0 0 10 1.0
T2: 8 1 1 0 10 1.0
T2: 9 0 0 0 11 1.0
T2: 9 0 1 0 11 1.0
T2: 9 1 0 0 11 1.0
T2: 9 1 1 0 11 1.0
T2: 10 0 0 0 12 1.0
T2: 10 0 1 0 12 1.0
T2: 10 1 0 0 12 1.0
T2: 10 1 1 0 12 1.0
T2: 10 1 0 1 12 1.0
T2: 10 1 1 1 12 1.0
T2: 11 0 0 0 13 1.0
T2: 11 0 1 0 13 1.0
T2: 11 1 0 0 13 1.0
T2: 11 1 1 0 13 1.0
T2: 12 0 0 0 14 1.0
T2: 12 0 1 0 14 1.0
T2: 12 1 0 0 14 1.0
T2: 12 1 1 0 14 1.0
T2: 12 1 0 1 14 1.0
T2: 12 1 1 1 14 1.0
T2: 13 0 0 0 15 1.0
T2: 13 0 1 0 15 1.0
T2: 13 1 0 0 15 1.0
T2: 13 1 1 0 15 1.0
T2: 14 0 0 0 16 1.0
T2: 14 0 1 0 16 1.0
T2: 14 1 0 0 16 1.0
T2: 14 1 1 0 16 1.0
T2: 15 0 0 0 16 1.0
T2: 15 0 1 0 16 1.0
T2: 15 1 0 0 16 1.0
T2: 15 1 1 0 16 1.0
T2: 16 0 0 0 16 1.0
T2: 16 0 1 0 16 1.0
R: 0 1 0 0 0.0
R: 0 0 0 0 0.0
R: 0 1 0 1 0.0
R: 0 0 0 1 -50.0
R: 0 1 1 0 -0.2
R: 0 0 1 0 -0.2
R: 0 1 1 1 -0.2
R: 0 0 1 1 -50.2
R: 1 1 0 0 0.0
R: 1 0 0 0 0.0
R: 1 1 0 1 0.0
R: 1 0 0 1 -50.0
R: 1 1 1 0 -0.2
R: 1 0 1 0 -0.2
R: 1 1 1 1 -0.2
R: 1 0 1 1 -50.2
R: 1 1 2 0 -1.0
R: 1 0 2 0 -1.0
R: 1 1 2 1 -1.0
R: 1 0 2 1 9.0
R: 2 1 0 0 0.0
R: 2 0 0 0 0.0
R: 2 1 0 1 0.0
R: 2 0 0 1 -50.0
R: 2 1 1 0 -0.2
R: 2 0 1 0 -0.2
R: 2 1 1 1 -0.2
R: 2 0 1 1 -50.2
R: 2 1 2 0 -1.0
R: 2 0 2 0 -1.0
R: 2 1 2 1 -1.0
R: 2 0 2 1 9.0
R: 3 3 0 0 0.0
R: 3 2 0 0 0.0
R: 3 3 0 1 0.0
R: 3 2 0 1 -50.0
R: 3 3 1 0 -0.2
R: 3 2 1 0 -0.2
R: 3 3 1 1 -0.2
R: 3 2 1 1 -50.2
R: 4 3 0 0 0.0
R: 4 2 0 0 0.0
R: 4 3 0 1 0.0
R: 4 2 0 1 -50.0
R: 4 3 1 0 -0.2
R: 4 2 1 0 -0.2
R: 4 3 1 1 -0.2
R: 4 2 1 1 -50.2
R: 4 3 2 0 -1.0
R: 4 2 2 0 -1.0
R: 4 3 2 1 -1.0
R: 4 2 2 1 9.0
R: 5 3 0 0 0.0
R: 5 2 0 0 0.0
R: 5 3 0 1 0.0
R: 5 2 0 1 -50.0
R: 5 3 1 0 -0.2
R: 5 2 1 0 -0.2
R: 5 3 1 1 -0.2
R: 5 2 1 1 -50.2
R: 5 3 2 0 -1.0
R: 5 2 2 0 -1.0
R: 5 3 2 1 -1.0
R: 5 2 2 1 9.0
R: 6 5 0 0 0.0
R: 6 4 0 0 0.0
R: 6 5 0 1 0.0
R: 6 4 0 1 -50.0
R: 6 5 1 0 -0.2
R: 6 4 1 0 -0.2
R: 6 5 1 1 -0.2
R: 6 4 1 1 -39.4
R: 7 5 0 0 0.0
R: 7 4 0 0 0.0
R: 7 5 0 1 0.0
R: 7 4 0 1 -50.0
R: 7 5 1 0 -0.2
R: 7 4 1 0 -0.2
R: 7 5 1 1 -0.2
R: 7 4 1 1 -39.4
R: 7 5 2 0 -1.0
R: 7 4 2 0 -1.0
R: 7 5 2 1 -1.0
R: 7 4 2 1 9.0
R: 8 5 0 0 0.0
R: 8 4 0 0 0.0
R: 8 5 0 1 0.0
R: 8 4 0 1 -50.0
R: 8 5 1 0 -0.2
R: 8 4 1 0 -0.2
R: 8 5 1 1 -0.2
R: 8 4 1 1 -39.4
R: 8 5 2 0 -1.0
R: 8 4 2 0 -1.0
R: 8 5 2 1 -1.0
R: 8 4 2 1 9.0
R: 9 7 0 0 0.0
R: 9 6 0 0 0.0
R: 9 7 0 1 0.0
R: 9 6 0 1 -50.0
R: 9 7 1 0 -0.2
R: 9 6 1 0 -0.2
R: 9 7 1 1 -0.2
R: 9 6 1 1 -50.2
R: 10 7 0 0 0.0
R: 10 6 0 0 0.0
R: 10 7 0 1 0.0
R: 10 6 0 1 -50.0
R: 10 7 1 0 -0.2
R: 10 6 1 0 -0.2
R: 10 7 1 1 -0.2
R: 10 6 1 1 -50.2
R: 10 7 2 0 -1.0
R: 10 6 2 0 -1.0
R: 10 7 2 1 -1.0
R: 10 6 2 1 9.0
R: 11 7 0 0 0.0
R: 11 6 0 0 0.0
R: 11 7 0 1 0.0
R: 11 6 0 1 -50.0
R: 11 7 1 0 -0.2
R: 11 6 1 0 -0.2
R: 11 7 1 1 -0.2
R: 11 6 1 1 -50.2
R: 11 7 2 0 -1.0
R: 11 6 2 0 -1.0
R: 11 7 2 1 -1.0
R: 11 6 2 1 9.0
R: 12 9 0 0 0.0
R: 12 8 0 0 0.0
R: 12 9 0 1 0.0
R: 12 8 0 1 -50.0
R: 12 9 1 0 -0.2
R: 12 8 1 0 -0.2
R: 12 9 1 1 -0.2
R: 12 8 1 1 -50.2
R: 13 9 0 0 0.0
R: 13 8 0 0 0.0
R: 13 9 0 1 0.0
R: 13 8 0 1 -50.0
R: 13 9 1 0 -0.2
R: 13 8 1 0 -0.2
R: 13 9 1 1 -0.2
R: 13 8 1 1 -50.2
R: 13 9 2 0 -1.0
R: 13 8 2 0 -1.0
R: 13 9 2 1 -1.0
R: 13 8 2 1 9.0
R: 14 9 0 0 0.0
R: 14 8 0 0 0.0
R: 14 9 0 1 0.0
R: 14 8 0 1 -50.0
R: 14 9 1 0 -0.2
R: 14 8 1 0 -0.2
R: 14 9 1 1 -0.2
R: 14 8 1 1 -50.2
R: 14 9 2 0 -1.0
R: 14 8 2 0 -1.0
R: 14 9 2 1 -1.0
R: 14 8 2 1 9.0
R: 15 11 0 0 0.0
R: 15 10 0 0 0.0
R: 15 11 0 1 0.0
R: 15 10 0 1 -50.0
R: 15 11 1 0 -0.2
R: 15 10 1 0 -0.2
R: 15 11 1 1 -0.2
R: 15 10 1 1 -39.4
R: 16 11 0 0 0.0
R: 16 10 0 0 0.0
R: 16 11 0 1 0.0
R: 16 10 0 1 -50.0
R: 16 11 1 0 -0.2
R: 16 10 1 0 -0.2
R: 16 11 1 1 -0.2
R: 16 10 1 1 -39.4
R: 16 11 2 0 -1.0
R: 16 10 2 0 -1.0
R: 16 11 2 1 -1.0
R: 16 10 2 1 9.0
R: 17 11 0 0 0.0
R: 17 10 0 0 0.0
R: 17 11 0 1 0.0
R: 17 10 0 1 -50.0
R: 17 11 1 0 -0.2
R: 17 10 1 0 -0.2
R: 17 11 1 1 -0.2
R: 17 10 1 1 -39.4
R: 17 11 2 0 -1.0
R: 17 10 2 0 -1.0
R: 17 11 2 1 -1.0
R: 17 10 2 1 9.0
R: 18 13 0 0 0.0
R: 18 12 0 0 0.0
R: 18 13 0 1 0.0
R: 18 12 0 1 -50.0
R: 18 13 1 0 -0.2
R: 18 12 1 0 -0.2
R: 18 13 1 1 -0.2
R: 18 12 1 1 -39.4
R: 19 13 0 0 0.0
R: 19 12 0 0 0.0
R: 19 13 0 1 0.0
R: 19 12 0 1 -50.0
R: 19 13 1 0 -0.2
R: 19 12 1 0 -0.2
R: 19 13 1 1 -0.2
R: 19 12 1 1 -39.4
R: 19 13 2 0 -1.0
R: 19 12 2 0 -1.0
R: 19 13 2 1 -1.0
R: 19 12 2 1 9.0
R: 20 13 0 0 0.0
R: 20 12 0 0 0.0
R: 20 13 0 1 0.0
R: 20 12 0 1 -50.0
R: 20 13 1 0 -0.2
R: 20 12 1 0 -0.2
R: 20 13 1 1 -0.2
R: 20 12 1 1 -39.4
R: 20 13 2 0 -1.0
R: 20 12 2 0 -1.0
R: 20 13 2 1 -1.0
R: 20 12 2 1 9.0
R: 21 15 0 0 0.0
R: 21 14 0 0 0.0
R: 21 15 0 1 0.0
R: 21 14 0 1 -50.0
R: 21 15 1 0 -0.2
R: 21 14 1 0 -0.2
R: 21 15 1 1 -0.2
R: 21 14 1 1 -50.2
R: 22 15 0 0 0.0
R: 22 14 0 0 0.0
R: 22 15 0 1 0.0
R: 22 14 0 1 -50.0
R: 22 15 1 0 -0.2
R: 22 14 1 0 -0.2
R: 22 15 1 1 -0.2
R: 22 14 1 1 -50.2
R: 22 15 2 0 -1.0
R: 22 14 2 0 -1.0
R: 22 15 2 1 -1.0
R: 22 14 2 1 9.0
R: 23 15 0 0 0.0
R: 23 14 0 0 0.0
R: 23 15 0 1 0.0
R: 23 14 0 1 -50.0
R: 23 15 1 0 -0.2
R: 23 14 1 0 -0.2
R: 23 15 1 1 -0.2
R: 23 14 1 1 -50.2
R: 23 15 2 0 -1.0
R: 23 14 2 0 -1.0
R: 23 15 2 1 -1.0
R: 23 14 2 1 9.0
