discount: 0.95
states: 4 5
actions: 2 2
observations: 2 2
init1: 0 1.0 -1
init2: 0 0.75 1 0.25 -1
actions1: 0   0 1 -1
actions1: 1   0 1 -1
actions1: 2   0 -1
actions1: 3   0 -1
actions2: 0   0 1 -1
actions2: 1   0 1 -1
actions2: 2   0 1 -1
actions2: 3   0 1 -1
actions2: 4   0 -1
O1: 0 0 0 1.0
O1: 0 1 0 1.0
O1: 2 0 0 1.0
O1: 2 1 0 1.0
O1: 1 0 0 1.0
O1: 1 1 0 0.7
O1: 1 1 1 0.3
O1: 3 0 0 1.0
O1: 3 1 0 0.7
O1: 3 1 1 0.3
O1: 4 0 0 1.0
O2: 0 0 0 0.9
O2: 0 0 1 0.1
O2: 0 1 0 0.19999999999999996
O2: 0 1 1 0.8
O2: 1 0 0 0.9
O2: 1 0 1 0.1
O2: 1 1 0 0.19999999999999996
O2: 1 1 1 0.8
O2: 2 0 0 0.9
O2: 2 0 1 0.1
O2: 3 0 0 1.0
T1: 0 0 0 0 1 1.0
T1: 0 0 1 0 1 1.0
T1: 0 0 0 1 1 1.0
T1: 0 0 1 1 1 1.0
T1: 0 1 0 0 2 1.0
T1: 0 1 1 0 2 1.0
T1: 0 1 0 1 2 1.0
T1: 0 1 1 1 2 1.0
T1: 1 0 0 0 3 1.0
T1: 1 0 1 0 3 1.0
T1: 1 0 0 1 3 1.0
T1: 1 0 1 1 3 1.0
T1: 1 1 0 0 3 1.0
T1: 1 1 1 0 3 1.0
T1: 1 1 0 1 3 1.0
T1: 1 1 1 1 3 1.0
T1: 2 0 0 0 3 1.0
T1: 2 0 1 0 3 1.0
T1: 2 0 0 1 3 1.0
T1: 2 0 1 1 3 1.0
T1: 3 0 0 0 3 1.0
T1: 3 0 1 0 3 1.0
T2: 0 0 0 0 2 1.0
T2: 0 0 1 0 2 1.0
T2: 0 1 0 0 2 1.0
T2: 0 1 1 0 2 1.0
T2: 1 0 0 0 3 1.0
T2: 1 0 1 0 3 1.0
T2: 1 1 0 0 3 1.0
T2: 1 1 1 0 3 1.0
T2: 1 1 0 1 3 1.0
T2: 1 1 1 1 3 1.0
T2: 2 0 0 0 4 1.0
T2: 2 0 1 0 4 1.0
T2: 2 1 0 0 4 1.0
T2: 2 1 1 0 4 1.0
T2: 3 0 0 0 4 1.0
T2: 3 0 1 0 4 1.0
T2: 3 1 0 0 4 1.0
T2: 3 1 1 0 4 1.0
T2: 3 1 0 1 4 1.0
T2: 3 1 1 1 4 1.0
T2: 4 0 0 0 4 1.0
T2: 4 0 1 0 4 1.0
R: 0 0 0 0 0.0
R: 0 1 0 0 0.0
R: 0 0 0 1 0.0
R: 0 1 0 1 -10.0
R: 0 0 1 0 -1.0
R: 0 1 1 0 -1.0
R: 0 0 1 1 -1.0
R: 0 1 1 1 1.0
R: 1 2 0 0 0.0
R: 1 3 0 0 0.0
R: 1 2 0 1 0.0
R: 1 3 0 1 -10.0
R: 1 2 1 0 -1.0
R: 1 3 1 0 -1.0
R: 1 2 1 1 -1.0
R: 1 3 1 1 1.0
R: 2 2 0 0 0.0
R: 2 3 0 0 0.0
R: 2 2 0 1 0.0
R: 2 3 0 1 -10.0
